[1]
|  -7.000 |
| -10.000 |
[0, 0]
| -10.000 -9.000 |
[0]

[2]
|  -7.000 |
| -10.000 |
[0, 0]
| -9.500 -8.500 |
[0.0]

[3]
|  -7.000 |
| -10.000 |
[0, 0]
| -9.000 -8.000 |
[0.0]

[4]
|  -7.000 |
| -10.000 |
[0, 0]
| -8.500 -7.500 |
[0.0]

[5]
|  -7.000 |
| -10.000 |
[0, 0]
| -8.000 -7.000 |
[0.0]

[6]
|  -7.000 |
| -10.000 |
[0, 0]
| -7.500 -6.500 |
[0.0]

[7]
|  -7.000 |
| -10.000 |
[0, 0]
| -7.000 -6.000 |
[0.0]

[8]
|  -7.000 |
| -10.000 |
[0, 0]
| -6.500 -5.500 |
[0.0]

[9]
|  -7.000 |
| -10.000 |
[0, 0]
| -6.000 -5.000 |
[0.0]

[10]
|  -7.000 |
| -10.000 |
[0, 0]
| -5.500 -4.500 |
[0.0]

[11]
|  -7.000 |
| -10.000 |
[0, 0]
| -5.000 -4.000 |
[0.0]

[12]
|  -7.000 |
| -10.000 |
[0, 0]
| -4.500 -3.500 |
[0.0]

[13]
|  -7.000 |
| -10.000 |
[0, 0]
| -4.000 -3.000 |
[0.0]

[14]
|  -7.000 |
| -10.000 |
[0, 0]
| -3.500 -2.500 |
[0.0]

[15]
|  -7.000 |
| -10.000 |
[0, 0]
| -3.000 -2.000 |
[0.0]

[16]
|  -7.000 |
| -10.000 |
[0, 0]
| -2.500 -1.500 |
[0.0]

[17]
|  -7.000 |
| -10.000 |
[0, 0]
| -2.000 -1.000 |
[0.0]

[18]
|  -7.000 |
| -10.000 |
[0, 0]
| -1.500 -0.500 |
[0.0]

[19]
|  -7.000 |
| -10.000 |
[0, 0]
| -1.000 0.000 |
[0.0]

[20]
|  -7.000 |
| -10.000 |
[0, 0]
| -0.500 0.500 |
[0.0]

[21]
|  -7.000 |
| -10.000 |
[0, 0]
| 0.000 1.000 |
[0.0]

[22]
|  -7.000 |
| -10.000 |
[0, 0]
| 0.500 1.500 |
[0.0]

[23]
|  -7.000 |
| -10.000 |
[0, 0]
| 1.000 2.000 |
[0.0]

[24]
|  -7.000 |
| -10.000 |
[0, 0]
| 1.500 2.500 |
[0.0]

[25]
|  -7.000 |
| -10.000 |
[0, 0]
| 2.000 3.000 |
[0.0]

[26]
|  -7.000 |
| -10.000 |
[0, 0]
| 2.500 3.500 |
[0.0]

[27]
|  -7.000 |
| -10.000 |
[0, 0]
| 3.000 4.000 |
[0.0]

[28]
|  -7.000 |
| -10.000 |
[0, 0]
| 3.500 4.500 |
[0.0]

[29]
|  -7.000 |
| -10.000 |
[0, 0]
| 4.000 5.000 |
[0.0]

[30]
|  -7.000 |
| -10.000 |
[0, 0]
| 4.500 5.500 |
[0.0]

[31]
|  -7.000 |
| -10.000 |
[0, 0]
| 5.000 6.000 |
[0.0]

[32]
|  -7.000 |
| -10.000 |
[0, 0]
| 5.500 6.500 |
[0.0]

[33]
|  -7.000 |
| -10.000 |
[0, 0]
| 6.000 7.000 |
[0.0]

[34]
|  -7.000 |
| -10.000 |
[0, 0]
| 6.500 7.500 |
[0.0]

[35]
|  -7.000 |
| -10.000 |
[0, 0]
| 7.000 8.000 |
[0.0]

[36]
|  -7.000 |
| -10.000 |
[0, 0]
| 7.500 8.500 |
[0.0]

[37]
|  -7.000 |
| -10.000 |
[0, 0]
| 8.000 9.000 |
[0.0]

[38]
|  -7.000 |
| -10.000 |
[0, 0]
| 8.500 9.500 |
[0.0]

[39]
|  -7.000 |
| -10.000 |
[0, 0]
| 9.000 10.000 |
[0.0]

[40]
|  -7.000 |
| -10.000 |
[0, 0]
| 9.500 10.500 |
[0.0]

[41]
|  -7.000 |
| -10.000 |
[0, 0]
| 10.000 11.000 |
[0.0]

[42]
|  -7.000 |
| -10.000 |
[0, 0]
| 10.500 11.500 |
[0.0]

[43]
|  -7.000 |
| -10.000 |
[0, 0]
| 11.000 12.000 |
[0.0]

[44]
|  -7.000 |
| -10.000 |
[0, 0]
| 11.500 12.500 |
[0.0]

[45]
|  -7.000 |
| -10.000 |
[0, 0]
| 12.000 13.000 |
[0.0]

[46]
|  -7.000 |
| -10.000 |
[0, 0]
| 12.500 13.500 |
[0.0]

[47]
|  -7.000 |
| -10.000 |
[0, 0]
| 13.000 14.000 |
[0.0]

[48]
|  -7.000 |
| -10.000 |
[0, 0]
| 13.500 14.500 |
[0.0]

[49]
|  -7.000 |
| -10.000 |
[0, 0]
| 14.000 15.000 |
[0.0]

[50]
|  -7.000 |
| -10.000 |
[0, 0]
| 14.500 15.500 |
[0.0]

[51]
|  -7.000 |
| -10.000 |
[0, 0]
| 15.000 16.000 |
[0.0]

[52]
|  -7.000 |
| -10.000 |
[0, 0]
| 15.500 16.500 |
[0.0]

[53]
|  -7.000 |
| -10.000 |
[0, 0]
| 16.000 17.000 |
[0.0]

[54]
|  -7.000 |
| -10.000 |
[0, 0]
| 16.500 17.500 |
[0.0]

[55]
|  -7.000 |
| -10.000 |
[0, 0]
| 17.000 18.000 |
[0.0]

[56]
|  -7.000 |
| -10.000 |
[0, 0]
| 17.500 18.500 |
[0.0]

[57]
|  -7.000 |
| -10.000 |
[0, 0]
| 18.000 19.000 |
[0.0]

[58]
|  -7.000 |
| -10.000 |
[0, 0]
| 18.500 19.500 |
[0.0]

[59]
|  -7.000 |
| -10.000 |
[0, 0]
| 19.000 20.000 |
[0.0]

[60]
|  -7.000 |
| -10.000 |
[0, 0]
| 19.500 20.500 |
[0.0]

[61]
|  -7.000 |
| -10.000 |
[0, 0]
| 20.000 21.000 |
[0.0]

[62]
|  -7.000 |
| -10.000 |
[0, 0]
| 20.500 21.500 |
[0.0]

[63]
|  -7.000 |
| -10.000 |
[0, 0]
| 21.000 22.000 |
[0.0]

[64]
|  -7.000 |
| -10.000 |
[0, 0]
| 21.500 22.500 |
[0.0]

[65]
|  -7.000 |
| -10.000 |
[0, 0]
| 22.000 23.000 |
[0.0]

[66]
|  -7.000 |
| -10.000 |
[0, 0]
| 22.500 23.500 |
[0.0]

[67]
|  -7.000 |
| -10.000 |
[0, 0]
| 23.000 24.000 |
[0.0]

[68]
|  -7.000 |
| -10.000 |
[0, 0]
| 23.500 24.500 |
[0.0]

[69]
|  -7.000 |
| -10.000 |
[0, 0]
| 24.000 25.000 |
[0.0]

[70]
|  -7.000 |
| -10.000 |
[0, 0]
| 24.500 25.500 |
[0.0]

[71]
|  -7.000 |
| -10.000 |
[0, 0]
| 25.000 26.000 |
[0.0]

[72]
|  -7.000 |
| -10.000 |
[0, 0]
| 25.500 26.500 |
[0.0]

[73]
|  -7.000 |
| -10.000 |
[0, 0]
| 26.000 27.000 |
[0.0]

[74]
|  -7.000 |
| -10.000 |
[0, 0]
| 26.500 27.500 |
[0.0]

[75]
|  -7.000 |
| -10.000 |
[0, 0]
| 27.000 28.000 |
[0.0]

[76]
|  -7.000 |
| -10.000 |
[0, 0]
| 27.500 28.500 |
[0.0]

[77]
|  -7.000 |
| -10.000 |
[0, 0]
| 28.000 29.000 |
[0.0]

[78]
|  -7.000 |
| -10.000 |
[0, 0]
| 28.500 29.500 |
[0.0]

[79]
|  -7.000 |
| -10.000 |
[0, 0]
| 29.000 30.000 |
[0.0]

[80]
|  -7.000 |
| -10.000 |
[0, 0]
| 29.500 30.500 |
[0.0]

[81]
|  -7.000 |
| -10.000 |
[0, 0]
| 30.000 31.000 |
[0.0]

[82]
|  -7.000 |
| -10.000 |
[0, 0]
| 30.500 31.500 |
[0.0]

[83]
|  -7.000 |
| -10.000 |
[0, 0]
| 31.000 32.000 |
[0.0]

[84]
|  -7.000 |
| -10.000 |
[0, 0]
| 31.500 32.500 |
[0.0]

[85]
|  -7.000 |
| -10.000 |
[0, 0]
| 32.000 33.000 |
[0.0]

[86]
|  -7.000 |
| -10.000 |
[0, 0]
| 32.500 33.500 |
[0.0]

[87]
|  -7.000 |
| -10.000 |
[0, 0]
| 33.000 34.000 |
[0.0]

[88]
|  -7.000 |
| -10.000 |
[0, 0]
| 33.500 34.500 |
[0.0]

[89]
|  -7.000 |
| -10.000 |
[0, 0]
| 34.000 35.000 |
[0.0]

[90]
|  -7.000 |
| -10.000 |
[0, 0]
| 34.500 35.500 |
[0.0]

[91]
|  -7.000 |
| -10.000 |
[0, 0]
| 35.000 36.000 |
[0.0]

[92]
|  -7.000 |
| -10.000 |
[0, 0]
| 35.500 36.500 |
[0.0]

[93]
|  -7.000 |
| -10.000 |
[0, 0]
| 36.000 37.000 |
[0.0]

[94]
|  -7.000 |
| -10.000 |
[0, 0]
| 36.500 37.500 |
[0.0]

[95]
|  -7.000 |
| -10.000 |
[0, 0]
| 37.000 38.000 |
[0.0]

[96]
|  -7.000 |
| -10.000 |
[0, 0]
| 37.500 38.500 |
[0.0]

[97]
|  -7.000 |
| -10.000 |
[0, 0]
| 38.000 39.000 |
[0.0]

[98]
|  -7.000 |
| -10.000 |
[0, 0]
| 38.500 39.500 |
[0.0]

[99]
|  -7.000 |
| -10.000 |
[0, 0]
| 39.000 40.000 |
[0.0]

