[1]
| -5.000 |
| -7.000 |
[0, 0]
| 10.000 1.000 |
[0]

[2]
| -4.500 |
| -6.501 |
[0, 0]
| 10.492 1.492 |
[0.0]

[3]
| -4.000 |
| -6.002 |
[0, 0]
| 10.989 1.989 |
[0.0]

[4]
| -3.500 |
| -5.502 |
[0, 0]
| 11.488 2.488 |
[0.0]

[5]
| -3.000 |
| -5.002 |
[0, 0]
| 11.988 2.988 |
[0.0]

[6]
| -2.500 |
| -4.502 |
[0, 0]
| 12.487 3.487 |
[0.0]

[7]
| -2.000 |
| -4.002 |
[0, 0]
| 12.987 3.987 |
[0.0]

[8]
| -1.500 |
| -3.502 |
[0, 0]
| 13.487 4.487 |
[0.0]

[9]
| -1.000 |
| -3.002 |
[0, 0]
| 13.987 4.987 |
[0.0]

[10]
| -0.500 |
| -2.502 |
[0, 0]
| 14.487 5.487 |
[0.0]

[11]
| -0.000 |
| -2.002 |
[0, 0]
| 14.987 5.987 |
[0.0]

[12]
|  0.500 |
| -1.502 |
[5.998781548942211, 0]
| 15.487 6.487 |
[92.90167345259941]

[13]
|  0.999 |
| -1.002 |
[12.984339863087552, 0]
| 15.718 6.718 |
[204.09070006339812]

[14]
|  1.497 |
| -0.502 |
[20.954204334665125, 0]
| 15.709 6.708 |
[329.16056724389665]

[15]
|  1.994 |
| -0.002 |
[29.906628064118514, 0]
| 15.490 6.489 |
[463.2506698774254]

[16]
| 2.490 |
| 0.498 |
[39.839458222542234, 7.969436193207598]
| 15.099 6.098 |
[650.1390659477466]

[17]
| 2.985 |
| 0.996 |
[50.74965960802329, 16.925403151500948]
| 14.490 5.489 |
[828.2461571850349]

[18]
| 3.480 |
| 1.490 |
[62.63348952799993, 26.822752760166505]
| 13.727 4.726 |
[986.548896332009]

[19]
| 3.973 |
| 1.981 |
[75.48651683064662, 37.632741633528795]
| 12.876 3.875 |
[1117.7628569966198]

