[1]
| -1.000 |
|  4.000 |
|  4.000 |
|  4.000 |
| -1.000 |
[0, 4, 4, 4, 0]
| -4.000 4.000 1.000 1.000 4.000 |
[24]

[2]
| -1.000 |
|  4.000 |
|  4.000 |
|  4.000 |
| -1.000 |
[0, 8, 8, 8, 0]
| -9.500 -1.500 -4.500 -4.500 -1.500 |
[-84.0]

[3]
| -0.500 |
|  4.395 |
|  4.346 |
|  4.346 |
| -0.500 |
[0, 13.184210526315788, 13.038461538461537, 13.038461538461537, 0]
| 1.500 9.500 6.500 6.500 9.500 |
[294.74999999999994]

[4]
| -0.500 |
|  4.395 |
|  4.346 |
|  4.346 |
| -0.500 |
[0, 17.57894736842105, 17.384615384615383, 17.384615384615383, 0]
| -22.562 -14.562 -17.562 -17.562 -14.562 |
[-866.6280364372467]

[5]
| 0.000 |
| 4.867 |
| 4.817 |
| 4.817 |
| 0.000 |
[0.0, 24.33669715283763, 24.084342391759467, 24.084342391759467, 0.0]
| 32.102 40.102 37.102 37.102 40.102 |
[2763.0868108342606]

[6]
| 0.000 |
| 4.867 |
| 4.817 |
| 4.817 |
| 0.000 |
[0.0, 29.204036583405156, 28.901210870111363, 28.901210870111363, 0.0]
| -105.553 -97.553 -100.553 -100.553 -97.553 |
[-8661.112470407921]

[7]
| 0.500 |
| 5.363 |
| 5.312 |
| 5.312 |
| 0.500 |
[3.5, 37.53909030841787, 37.185760927939974, 37.185760927939974, 3.5]
| 255.827 263.827 260.827 260.827 263.827 |
[31120.72716345309]

why is this happening? 7 -> 8
all activations are negative so relu funtion is messing it up
why doesnt the network fix this in futur training iterations
these weights remain untouched
it is because when the "better layer2" is calculated, the relu funtion is apliead and because weights23 are
all negative too so the cost of layer2 to betterlayer2 is 0 so no change is aplied

[8]
|  -1.250 |
| -13.407 |
| -13.281 |
| -13.281 |
|  -1.250 |
[0, 0, 0, 0, 0]
| -855.127 -847.127 -850.127 -850.127 -847.127 |
[0.0]

[9]
|  -1.250 |
| -13.407 |
| -13.281 |
| -13.281 |
|  -1.250 |
[0, 0, 0, 0, 0]
| -854.627 -846.627 -849.627 -849.627 -846.627 |
[0.0]

[10]
|  -1.250 |
| -13.407 |
| -13.281 |
| -13.281 |
|  -1.250 |
[0, 0, 0, 0, 0]
| -854.127 -846.127 -849.127 -849.127 -846.127 |
[0.0]

[11]
|  -1.250 |
| -13.407 |
| -13.281 |
| -13.281 |
|  -1.250 |
[0, 0, 0, 0, 0]
| -853.627 -845.627 -848.627 -848.627 -845.627 |
[0.0]

[12]
|  -1.250 |
| -13.407 |
| -13.281 |
| -13.281 |
|  -1.250 |
[0, 0, 0, 0, 0]
| -853.127 -845.127 -848.127 -848.127 -845.127 |
[0.0]

[13]
|  -1.250 |
| -13.407 |
| -13.281 |
| -13.281 |
|  -1.250 |
[0, 0, 0, 0, 0]
| -852.627 -844.627 -847.627 -847.627 -844.627 |
[0.0]

[14]
|  -1.250 |
| -13.407 |
| -13.281 |
| -13.281 |
|  -1.250 |
[0, 0, 0, 0, 0]
| -852.127 -844.127 -847.127 -847.127 -844.127 |
[0.0]

[15]
|  -1.250 |
| -13.407 |
| -13.281 |
| -13.281 |
|  -1.250 |
[0, 0, 0, 0, 0]
| -851.627 -843.627 -846.627 -846.627 -843.627 |
[0.0]

[16]
|  -1.250 |
| -13.407 |
| -13.281 |
| -13.281 |
|  -1.250 |
[0, 0, 0, 0, 0]
| -851.127 -843.127 -846.127 -846.127 -843.127 |
[0.0]

[17]
|  -1.250 |
| -13.407 |
| -13.281 |
| -13.281 |
|  -1.250 |
[0, 0, 0, 0, 0]
| -850.627 -842.627 -845.627 -845.627 -842.627 |
[0.0]

[18]
|  -1.250 |
| -13.407 |
| -13.281 |
| -13.281 |
|  -1.250 |
[0, 0, 0, 0, 0]
| -850.127 -842.127 -845.127 -845.127 -842.127 |
[0.0]

[19]
|  -1.250 |
| -13.407 |
| -13.281 |
| -13.281 |
|  -1.250 |
[0, 0, 0, 0, 0]
| -849.627 -841.627 -844.627 -844.627 -841.627 |
[0.0]

[20]
|  -1.250 |
| -13.407 |
| -13.281 |
| -13.281 |
|  -1.250 |
[0, 0, 0, 0, 0]
| -849.127 -841.127 -844.127 -844.127 -841.127 |
[0.0]

[21]
|  -1.250 |
| -13.407 |
| -13.281 |
| -13.281 |
|  -1.250 |
[0, 0, 0, 0, 0]
| -848.627 -840.627 -843.627 -843.627 -840.627 |
[0.0]

[22]
|  -1.250 |
| -13.407 |
| -13.281 |
| -13.281 |
|  -1.250 |
[0, 0, 0, 0, 0]
| -848.127 -840.127 -843.127 -843.127 -840.127 |
[0.0]

[23]
|  -1.250 |
| -13.407 |
| -13.281 |
| -13.281 |
|  -1.250 |
[0, 0, 0, 0, 0]
| -847.627 -839.627 -842.627 -842.627 -839.627 |
[0.0]

[24]
|  -1.250 |
| -13.407 |
| -13.281 |
| -13.281 |
|  -1.250 |
[0, 0, 0, 0, 0]
| -847.127 -839.127 -842.127 -842.127 -839.127 |
[0.0]

[25]
|  -1.250 |
| -13.407 |
| -13.281 |
| -13.281 |
|  -1.250 |
[0, 0, 0, 0, 0]
| -846.627 -838.627 -841.627 -841.627 -838.627 |
[0.0]

[26]
|  -1.250 |
| -13.407 |
| -13.281 |
| -13.281 |
|  -1.250 |
[0, 0, 0, 0, 0]
| -846.127 -838.127 -841.127 -841.127 -838.127 |
[0.0]

[27]
|  -1.250 |
| -13.407 |
| -13.281 |
| -13.281 |
|  -1.250 |
[0, 0, 0, 0, 0]
| -845.627 -837.627 -840.627 -840.627 -837.627 |
[0.0]

[28]
|  -1.250 |
| -13.407 |
| -13.281 |
| -13.281 |
|  -1.250 |
[0, 0, 0, 0, 0]
| -845.127 -837.127 -840.127 -840.127 -837.127 |
[0.0]

[29]
|  -1.250 |
| -13.407 |
| -13.281 |
| -13.281 |
|  -1.250 |
[0, 0, 0, 0, 0]
| -844.627 -836.627 -839.627 -839.627 -836.627 |
[0.0]

[30]
|  -1.250 |
| -13.407 |
| -13.281 |
| -13.281 |
|  -1.250 |
[0, 0, 0, 0, 0]
| -844.127 -836.127 -839.127 -839.127 -836.127 |
[0.0]

[31]
|  -1.250 |
| -13.407 |
| -13.281 |
| -13.281 |
|  -1.250 |
[0, 0, 0, 0, 0]
| -843.627 -835.627 -838.627 -838.627 -835.627 |
[0.0]

[32]
|  -1.250 |
| -13.407 |
| -13.281 |
| -13.281 |
|  -1.250 |
[0, 0, 0, 0, 0]
| -843.127 -835.127 -838.127 -838.127 -835.127 |
[0.0]

[33]
|  -1.250 |
| -13.407 |
| -13.281 |
| -13.281 |
|  -1.250 |
[0, 0, 0, 0, 0]
| -842.627 -834.627 -837.627 -837.627 -834.627 |
[0.0]

[34]
|  -1.250 |
| -13.407 |
| -13.281 |
| -13.281 |
|  -1.250 |
[0, 0, 0, 0, 0]
| -842.127 -834.127 -837.127 -837.127 -834.127 |
[0.0]

[35]
|  -1.250 |
| -13.407 |
| -13.281 |
| -13.281 |
|  -1.250 |
[0, 0, 0, 0, 0]
| -841.627 -833.627 -836.627 -836.627 -833.627 |
[0.0]

[36]
|  -1.250 |
| -13.407 |
| -13.281 |
| -13.281 |
|  -1.250 |
[0, 0, 0, 0, 0]
| -841.127 -833.127 -836.127 -836.127 -833.127 |
[0.0]

[37]
|  -1.250 |
| -13.407 |
| -13.281 |
| -13.281 |
|  -1.250 |
[0, 0, 0, 0, 0]
| -840.627 -832.627 -835.627 -835.627 -832.627 |
[0.0]

[38]
|  -1.250 |
| -13.407 |
| -13.281 |
| -13.281 |
|  -1.250 |
[0, 0, 0, 0, 0]
| -840.127 -832.127 -835.127 -835.127 -832.127 |
[0.0]

[39]
|  -1.250 |
| -13.407 |
| -13.281 |
| -13.281 |
|  -1.250 |
[0, 0, 0, 0, 0]
| -839.627 -831.627 -834.627 -834.627 -831.627 |
[0.0]

[40]
|  -1.250 |
| -13.407 |
| -13.281 |
| -13.281 |
|  -1.250 |
[0, 0, 0, 0, 0]
| -839.127 -831.127 -834.127 -834.127 -831.127 |
[0.0]

[41]
|  -1.250 |
| -13.407 |
| -13.281 |
| -13.281 |
|  -1.250 |
[0, 0, 0, 0, 0]
| -838.627 -830.627 -833.627 -833.627 -830.627 |
[0.0]

[42]
|  -1.250 |
| -13.407 |
| -13.281 |
| -13.281 |
|  -1.250 |
[0, 0, 0, 0, 0]
| -838.127 -830.127 -833.127 -833.127 -830.127 |
[0.0]

[43]
|  -1.250 |
| -13.407 |
| -13.281 |
| -13.281 |
|  -1.250 |
[0, 0, 0, 0, 0]
| -837.627 -829.627 -832.627 -832.627 -829.627 |
[0.0]

[44]
|  -1.250 |
| -13.407 |
| -13.281 |
| -13.281 |
|  -1.250 |
[0, 0, 0, 0, 0]
| -837.127 -829.127 -832.127 -832.127 -829.127 |
[0.0]

[45]
|  -1.250 |
| -13.407 |
| -13.281 |
| -13.281 |
|  -1.250 |
[0, 0, 0, 0, 0]
| -836.627 -828.627 -831.627 -831.627 -828.627 |
[0.0]

[46]
|  -1.250 |
| -13.407 |
| -13.281 |
| -13.281 |
|  -1.250 |
[0, 0, 0, 0, 0]
| -836.127 -828.127 -831.127 -831.127 -828.127 |
[0.0]

[47]
|  -1.250 |
| -13.407 |
| -13.281 |
| -13.281 |
|  -1.250 |
[0, 0, 0, 0, 0]
| -835.627 -827.627 -830.627 -830.627 -827.627 |
[0.0]

[48]
|  -1.250 |
| -13.407 |
| -13.281 |
| -13.281 |
|  -1.250 |
[0, 0, 0, 0, 0]
| -835.127 -827.127 -830.127 -830.127 -827.127 |
[0.0]

[49]
|  -1.250 |
| -13.407 |
| -13.281 |
| -13.281 |
|  -1.250 |
[0, 0, 0, 0, 0]
| -834.627 -826.627 -829.627 -829.627 -826.627 |
[0.0]

[50]
|  -1.250 |
| -13.407 |
| -13.281 |
| -13.281 |
|  -1.250 |
[0, 0, 0, 0, 0]
| -834.127 -826.127 -829.127 -829.127 -826.127 |
[0.0]

[51]
|  -1.250 |
| -13.407 |
| -13.281 |
| -13.281 |
|  -1.250 |
[0, 0, 0, 0, 0]
| -833.627 -825.627 -828.627 -828.627 -825.627 |
[0.0]

[52]
|  -1.250 |
| -13.407 |
| -13.281 |
| -13.281 |
|  -1.250 |
[0, 0, 0, 0, 0]
| -833.127 -825.127 -828.127 -828.127 -825.127 |
[0.0]

[53]
|  -1.250 |
| -13.407 |
| -13.281 |
| -13.281 |
|  -1.250 |
[0, 0, 0, 0, 0]
| -832.627 -824.627 -827.627 -827.627 -824.627 |
[0.0]

[54]
|  -1.250 |
| -13.407 |
| -13.281 |
| -13.281 |
|  -1.250 |
[0, 0, 0, 0, 0]
| -832.127 -824.127 -827.127 -827.127 -824.127 |
[0.0]

[55]
|  -1.250 |
| -13.407 |
| -13.281 |
| -13.281 |
|  -1.250 |
[0, 0, 0, 0, 0]
| -831.627 -823.627 -826.627 -826.627 -823.627 |
[0.0]

[56]
|  -1.250 |
| -13.407 |
| -13.281 |
| -13.281 |
|  -1.250 |
[0, 0, 0, 0, 0]
| -831.127 -823.127 -826.127 -826.127 -823.127 |
[0.0]

[57]
|  -1.250 |
| -13.407 |
| -13.281 |
| -13.281 |
|  -1.250 |
[0, 0, 0, 0, 0]
| -830.627 -822.627 -825.627 -825.627 -822.627 |
[0.0]

[58]
|  -1.250 |
| -13.407 |
| -13.281 |
| -13.281 |
|  -1.250 |
[0, 0, 0, 0, 0]
| -830.127 -822.127 -825.127 -825.127 -822.127 |
[0.0]

[59]
|  -1.250 |
| -13.407 |
| -13.281 |
| -13.281 |
|  -1.250 |
[0, 0, 0, 0, 0]
| -829.627 -821.627 -824.627 -824.627 -821.627 |
[0.0]

[60]
|  -1.250 |
| -13.407 |
| -13.281 |
| -13.281 |
|  -1.250 |
[0, 0, 0, 0, 0]
| -829.127 -821.127 -824.127 -824.127 -821.127 |
[0.0]

[61]
|  -1.250 |
| -13.407 |
| -13.281 |
| -13.281 |
|  -1.250 |
[0, 0, 0, 0, 0]
| -828.627 -820.627 -823.627 -823.627 -820.627 |
[0.0]

[62]
|  -1.250 |
| -13.407 |
| -13.281 |
| -13.281 |
|  -1.250 |
[0, 0, 0, 0, 0]
| -828.127 -820.127 -823.127 -823.127 -820.127 |
[0.0]

[63]
|  -1.250 |
| -13.407 |
| -13.281 |
| -13.281 |
|  -1.250 |
[0, 0, 0, 0, 0]
| -827.627 -819.627 -822.627 -822.627 -819.627 |
[0.0]

[64]
|  -1.250 |
| -13.407 |
| -13.281 |
| -13.281 |
|  -1.250 |
[0, 0, 0, 0, 0]
| -827.127 -819.127 -822.127 -822.127 -819.127 |
[0.0]

[65]
|  -1.250 |
| -13.407 |
| -13.281 |
| -13.281 |
|  -1.250 |
[0, 0, 0, 0, 0]
| -826.627 -818.627 -821.627 -821.627 -818.627 |
[0.0]

[66]
|  -1.250 |
| -13.407 |
| -13.281 |
| -13.281 |
|  -1.250 |
[0, 0, 0, 0, 0]
| -826.127 -818.127 -821.127 -821.127 -818.127 |
[0.0]

[67]
|  -1.250 |
| -13.407 |
| -13.281 |
| -13.281 |
|  -1.250 |
[0, 0, 0, 0, 0]
| -825.627 -817.627 -820.627 -820.627 -817.627 |
[0.0]

[68]
|  -1.250 |
| -13.407 |
| -13.281 |
| -13.281 |
|  -1.250 |
[0, 0, 0, 0, 0]
| -825.127 -817.127 -820.127 -820.127 -817.127 |
[0.0]

[69]
|  -1.250 |
| -13.407 |
| -13.281 |
| -13.281 |
|  -1.250 |
[0, 0, 0, 0, 0]
| -824.627 -816.627 -819.627 -819.627 -816.627 |
[0.0]

[70]
|  -1.250 |
| -13.407 |
| -13.281 |
| -13.281 |
|  -1.250 |
[0, 0, 0, 0, 0]
| -824.127 -816.127 -819.127 -819.127 -816.127 |
[0.0]

[71]
|  -1.250 |
| -13.407 |
| -13.281 |
| -13.281 |
|  -1.250 |
[0, 0, 0, 0, 0]
| -823.627 -815.627 -818.627 -818.627 -815.627 |
[0.0]

[72]
|  -1.250 |
| -13.407 |
| -13.281 |
| -13.281 |
|  -1.250 |
[0, 0, 0, 0, 0]
| -823.127 -815.127 -818.127 -818.127 -815.127 |
[0.0]

[73]
|  -1.250 |
| -13.407 |
| -13.281 |
| -13.281 |
|  -1.250 |
[0, 0, 0, 0, 0]
| -822.627 -814.627 -817.627 -817.627 -814.627 |
[0.0]

[74]
|  -1.250 |
| -13.407 |
| -13.281 |
| -13.281 |
|  -1.250 |
[0, 0, 0, 0, 0]
| -822.127 -814.127 -817.127 -817.127 -814.127 |
[0.0]

[75]
|  -1.250 |
| -13.407 |
| -13.281 |
| -13.281 |
|  -1.250 |
[0, 0, 0, 0, 0]
| -821.627 -813.627 -816.627 -816.627 -813.627 |
[0.0]

[76]
|  -1.250 |
| -13.407 |
| -13.281 |
| -13.281 |
|  -1.250 |
[0, 0, 0, 0, 0]
| -821.127 -813.127 -816.127 -816.127 -813.127 |
[0.0]

[77]
|  -1.250 |
| -13.407 |
| -13.281 |
| -13.281 |
|  -1.250 |
[0, 0, 0, 0, 0]
| -820.627 -812.627 -815.627 -815.627 -812.627 |
[0.0]

[78]
|  -1.250 |
| -13.407 |
| -13.281 |
| -13.281 |
|  -1.250 |
[0, 0, 0, 0, 0]
| -820.127 -812.127 -815.127 -815.127 -812.127 |
[0.0]

[79]
|  -1.250 |
| -13.407 |
| -13.281 |
| -13.281 |
|  -1.250 |
[0, 0, 0, 0, 0]
| -819.627 -811.627 -814.627 -814.627 -811.627 |
[0.0]

[80]
|  -1.250 |
| -13.407 |
| -13.281 |
| -13.281 |
|  -1.250 |
[0, 0, 0, 0, 0]
| -819.127 -811.127 -814.127 -814.127 -811.127 |
[0.0]

[81]
|  -1.250 |
| -13.407 |
| -13.281 |
| -13.281 |
|  -1.250 |
[0, 0, 0, 0, 0]
| -818.627 -810.627 -813.627 -813.627 -810.627 |
[0.0]

[82]
|  -1.250 |
| -13.407 |
| -13.281 |
| -13.281 |
|  -1.250 |
[0, 0, 0, 0, 0]
| -818.127 -810.127 -813.127 -813.127 -810.127 |
[0.0]

[83]
|  -1.250 |
| -13.407 |
| -13.281 |
| -13.281 |
|  -1.250 |
[0, 0, 0, 0, 0]
| -817.627 -809.627 -812.627 -812.627 -809.627 |
[0.0]

[84]
|  -1.250 |
| -13.407 |
| -13.281 |
| -13.281 |
|  -1.250 |
[0, 0, 0, 0, 0]
| -817.127 -809.127 -812.127 -812.127 -809.127 |
[0.0]

[85]
|  -1.250 |
| -13.407 |
| -13.281 |
| -13.281 |
|  -1.250 |
[0, 0, 0, 0, 0]
| -816.627 -808.627 -811.627 -811.627 -808.627 |
[0.0]

[86]
|  -1.250 |
| -13.407 |
| -13.281 |
| -13.281 |
|  -1.250 |
[0, 0, 0, 0, 0]
| -816.127 -808.127 -811.127 -811.127 -808.127 |
[0.0]

[87]
|  -1.250 |
| -13.407 |
| -13.281 |
| -13.281 |
|  -1.250 |
[0, 0, 0, 0, 0]
| -815.627 -807.627 -810.627 -810.627 -807.627 |
[0.0]

[88]
|  -1.250 |
| -13.407 |
| -13.281 |
| -13.281 |
|  -1.250 |
[0, 0, 0, 0, 0]
| -815.127 -807.127 -810.127 -810.127 -807.127 |
[0.0]

[89]
|  -1.250 |
| -13.407 |
| -13.281 |
| -13.281 |
|  -1.250 |
[0, 0, 0, 0, 0]
| -814.627 -806.627 -809.627 -809.627 -806.627 |
[0.0]

[90]
|  -1.250 |
| -13.407 |
| -13.281 |
| -13.281 |
|  -1.250 |
[0, 0, 0, 0, 0]
| -814.127 -806.127 -809.127 -809.127 -806.127 |
[0.0]

[91]
|  -1.250 |
| -13.407 |
| -13.281 |
| -13.281 |
|  -1.250 |
[0, 0, 0, 0, 0]
| -813.627 -805.627 -808.627 -808.627 -805.627 |
[0.0]

[92]
|  -1.250 |
| -13.407 |
| -13.281 |
| -13.281 |
|  -1.250 |
[0, 0, 0, 0, 0]
| -813.127 -805.127 -808.127 -808.127 -805.127 |
[0.0]

[93]
|  -1.250 |
| -13.407 |
| -13.281 |
| -13.281 |
|  -1.250 |
[0, 0, 0, 0, 0]
| -812.627 -804.627 -807.627 -807.627 -804.627 |
[0.0]

[94]
|  -1.250 |
| -13.407 |
| -13.281 |
| -13.281 |
|  -1.250 |
[0, 0, 0, 0, 0]
| -812.127 -804.127 -807.127 -807.127 -804.127 |
[0.0]

[95]
|  -1.250 |
| -13.407 |
| -13.281 |
| -13.281 |
|  -1.250 |
[0, 0, 0, 0, 0]
| -811.627 -803.627 -806.627 -806.627 -803.627 |
[0.0]

[96]
|  -1.250 |
| -13.407 |
| -13.281 |
| -13.281 |
|  -1.250 |
[0, 0, 0, 0, 0]
| -811.127 -803.127 -806.127 -806.127 -803.127 |
[0.0]

[97]
|  -1.250 |
| -13.407 |
| -13.281 |
| -13.281 |
|  -1.250 |
[0, 0, 0, 0, 0]
| -810.627 -802.627 -805.627 -805.627 -802.627 |
[0.0]

[98]
|  -1.250 |
| -13.407 |
| -13.281 |
| -13.281 |
|  -1.250 |
[0, 0, 0, 0, 0]
| -810.127 -802.127 -805.127 -805.127 -802.127 |
[0.0]

[99]
|  -1.250 |
| -13.407 |
| -13.281 |
| -13.281 |
|  -1.250 |
[0, 0, 0, 0, 0]
| -809.627 -801.627 -804.627 -804.627 -801.627 |
[0.0]

